0.305419921875
0.2646484375
0.21435546875
0.326416015625
0.347900390625
0.2900390625
0.297119140625
0.237548828125
0.2568359375
0.286865234375
0.32421875
0.31201171875
0.396484375
0.28564453125
0.21875
0.265625
0.2646484375
0.283935546875
0.2105712890625
0.263671875
0.244384765625
0.3115234375
0.257568359375
0.20166015625
0.1964111328125
0.28564453125
0.30615234375
0.2958984375
0.346435546875
0.265380859375
0.2205810546875
0.349853515625
0.28662109375
0.244873046875
0.358642578125
0.2054443359375
0.249755859375
0.275634765625
0.3330078125
0.284912109375
0.3447265625
0.257080078125
0.36279296875
0.302001953125
0.2890625
0.261474609375
0.208740234375
0.27294921875
0.314697265625
0.287353515625
0.33642578125
0.2437744140625
0.314453125
0.276123046875
0.237548828125
0.287109375
0.2066650390625
0.292236328125
0.30810546875
0.27734375
0.2900390625
0.263671875
0.319091796875
0.361083984375
0.3388671875
0.298828125
0.35107421875
0.22705078125
0.302734375
0.298095703125
0.2900390625
0.260009765625
0.261962890625
0.2005615234375
0.29052734375
0.2880859375
0.265380859375
0.30126953125
0.32080078125
0.299560546875
0.363037109375
0.260009765625
0.273193359375
0.362548828125
0.26318359375
0.2822265625
0.27587890625
0.30859375
0.294921875
0.294189453125
0.265625
0.291748046875
0.318359375
0.189208984375
0.300048828125
0.286865234375
0.302001953125
0.300048828125
0.322509765625
0.297607421875
0.3671875
0.2081298828125
0.1976318359375
0.35009765625
0.2958984375
0.201416015625
0.253173828125
0.308349609375
0.2626953125
0.371826171875
0.306884765625
0.327880859375
0.374267578125
0.318115234375
0.322998046875
0.282470703125
0.320556640625
0.268310546875
0.22900390625
0.259521484375
0.275146484375
0.283203125
0.27685546875
0.34619140625
0.33837890625
0.294921875
0.26123046875
0.300537109375
0.345947265625
0.318359375
0.30615234375
0.32763671875
0.30126953125
0.2958984375
0.33544921875
0.3017578125
0.2763671875
0.30859375
0.3701171875
0.30419921875
0.343017578125
0.298583984375
0.304443359375
0.321044921875
0.279296875
0.265625
0.298828125
0.32763671875
0.28955078125
0.3125
0.325439453125
0.274169921875
0.307861328125
0.281982421875
0.3076171875
0.322998046875
0.3388671875
0.30908203125
0.253173828125
0.314697265625
0.337158203125
0.273681640625
0.370361328125
0.28466796875
0.32861328125
0.262939453125
0.419677734375
0.26318359375
0.24560546875
0.296630859375
0.3447265625
0.318603515625
0.358642578125
0.34228515625
0.331787109375
0.276123046875
0.27490234375
0.30419921875
0.218505859375
0.24267578125
0.267822265625
0.281005859375
0.2362060546875
0.291015625
0.286376953125
0.2724609375
0.24755859375
0.254150390625
0.2685546875
0.26513671875
0.273193359375
0.30419921875
0.250732421875
0.32958984375
0.271484375
0.294189453125
0.30322265625
0.364013671875
0.28955078125
0.360595703125
0.307861328125
0.288818359375
0.2890625
0.322265625
0.303955078125
0.306396484375
0.322998046875
0.306640625
0.276123046875
0.298828125
0.2822265625
0.275390625
0.3525390625
0.30419921875
0.291748046875
0.275634765625
0.33740234375
0.294921875
0.2900390625
0.1873779296875
0.285888671875
0.285400390625
0.310546875
0.27880859375
0.281494140625
0.2447509765625
0.34228515625
0.281494140625
0.28173828125
0.3330078125
0.305908203125
0.273681640625
0.290283203125
0.250732421875
0.271240234375
0.356201171875
0.286865234375
0.304443359375
0.2457275390625
0.310302734375
0.2958984375
0.353759765625
0.369140625
0.32373046875
0.296875
0.250732421875
0.271484375
0.261962890625
0.189208984375
0.28662109375
0.2158203125
0.379638671875
0.26708984375
0.287841796875
0.267578125
0.365478515625
0.25732421875
0.353759765625
0.26513671875
0.348876953125
0.2763671875
0.271728515625
0.295654296875
0.354736328125
0.25927734375
0.329833984375
0.2734375
0.2357177734375
0.287841796875
0.271728515625
0.318603515625
0.28564453125
0.27685546875
0.351806640625
0.303955078125
0.37646484375
0.260986328125
0.261474609375
0.2164306640625
0.302490234375
0.294921875
0.2861328125
0.328857421875
0.27685546875
0.2666015625
0.3017578125
0.2037353515625
0.27392578125
0.299560546875
0.302734375
0.27099609375
0.3173828125
0.31298828125
0.323486328125
0.2919921875
0.2880859375
0.3642578125
0.366943359375
0.2900390625
0.3896484375
0.24658203125
0.2841796875
0.275634765625
0.2430419921875
0.28173828125
0.2149658203125
0.255126953125
0.2064208984375
0.334228515625
0.360595703125
0.323974609375
0.338134765625
0.304931640625
0.3779296875
0.324462890625
0.2939453125
0.30908203125
0.32177734375
0.336669921875
0.2626953125
0.2039794921875
0.238037109375
0.314453125
0.36962890625
0.21337890625
0.286376953125
0.28564453125
0.28271484375
0.281982421875
0.313720703125
0.297119140625
0.292724609375
0.297607421875
0.272705078125
0.41015625
0.294677734375
0.275634765625
0.28173828125
0.343017578125
0.28662109375
0.28857421875
0.2958984375
0.32470703125
0.256103515625
0.277099609375
0.3486328125
0.2061767578125
0.1995849609375
0.2783203125
0.279052734375
0.20068359375
0.40234375
0.3212890625
0.351318359375
0.30322265625
0.3330078125
0.37890625
0.36328125
0.29345703125
0.329345703125
0.26416015625
0.349365234375
0.301513671875
0.290283203125
0.320068359375
0.279296875
0.28564453125
0.30908203125
0.28759765625
0.35595703125
0.25634765625
0.305419921875
0.29833984375
0.285888671875
0.211669921875
0.30517578125
0.341552734375
0.188232421875
0.326416015625
0.263671875
0.31982421875
0.306396484375
0.287109375
0.295654296875
0.327880859375
0.271240234375
0.271484375
0.354736328125
0.314208984375
0.270751953125
0.282470703125
0.29931640625
0.220458984375
0.281005859375
0.265625
0.25537109375
0.298828125
0.264404296875
0.41357421875
0.302001953125
0.2939453125
0.285888671875
0.317138671875
0.30078125
0.3271484375
0.253662109375
0.306884765625
0.265380859375
0.26611328125
0.34716796875
0.26708984375
0.341552734375
0.28369140625
0.37353515625
0.278076171875
0.355712890625
0.269775390625
0.2646484375
0.325927734375
0.26953125
0.328125
0.283203125
0.205810546875
0.262451171875
0.334228515625
0.314697265625
0.314697265625
0.265625
0.277587890625
0.34033203125
0.278564453125
0.26123046875
0.30224609375
0.35205078125
0.341064453125
0.340576171875
0.30126953125
0.372314453125
0.314697265625
0.296875
0.292236328125
0.33447265625
0.252197265625
0.259033203125
0.327392578125
0.356201171875
0.251953125
0.333984375
0.33056640625
0.31396484375
0.269775390625
0.33984375
0.3173828125
0.31103515625
0.341796875
0.295654296875
0.2252197265625
0.362548828125
0.310302734375
0.3330078125
0.35888671875
0.35888671875
0.328369140625
0.348388671875
0.337158203125
0.248291015625
0.281982421875
0.308349609375
0.2435302734375
0.388671875
0.28369140625
0.3388671875
0.34326171875
0.3515625
0.26513671875
0.281982421875
0.32470703125
0.327392578125
0.31982421875
0.273681640625
0.308837890625
0.310302734375
0.35205078125
0.36181640625
0.34033203125
0.263427734375
0.30078125
0.2083740234375
0.280517578125
0.208251953125
0.264404296875
0.247314453125
0.31884765625
0.296875
0.386962890625
0.33984375
0.31005859375
0.247802734375
0.2384033203125
0.360595703125
0.3017578125
0.367431640625
0.2470703125
0.27734375
0.25830078125
0.280517578125
0.270263671875
0.33154296875
0.272216796875
0.299072265625
0.378173828125
0.288330078125
0.33935546875
0.386474609375
0.33154296875
0.341064453125
0.36474609375
0.338623046875
0.26416015625
0.292724609375
0.29052734375
0.296875
0.2083740234375
0.341064453125
0.317626953125
0.359375
0.2734375
0.287841796875
0.2880859375
0.305419921875
0.2425537109375
0.347412109375
0.314208984375
0.212890625
0.32177734375
0.365234375
0.33740234375
0.325927734375
0.2978515625
0.381103515625
0.290283203125
0.28759765625
0.3583984375
0.2724609375
0.267822265625
0.353515625
0.31982421875
0.374267578125
0.279052734375
0.311767578125
0.28369140625
0.267578125
0.21875
0.28076171875
0.2734375
0.2222900390625
0.315185546875
0.202392578125
0.2919921875
0.321044921875
0.2149658203125
0.35302734375
0.281494140625
0.355712890625
0.3134765625
0.28857421875
0.29736328125
0.2218017578125
0.2666015625
0.287109375
0.362548828125
0.295654296875
0.2509765625
0.30517578125
0.322021484375
0.341064453125
0.32373046875
0.277099609375
0.2548828125
0.330810546875
0.308837890625
0.338623046875
0.28369140625
0.263427734375
0.319580078125
0.378173828125
0.291748046875
0.20458984375
0.302001953125
0.335205078125
0.28369140625
0.2130126953125
0.3349609375
0.251953125
0.267578125
0.270751953125
0.2744140625
0.372314453125
0.311279296875
0.321533203125
0.305908203125
0.2880859375
0.282958984375
0.336181640625
0.267578125
0.2900390625
0.288330078125
0.2978515625
0.2171630859375
0.38232421875
0.27734375
0.191650390625
0.28173828125
0.364990234375
0.293701171875
0.290771484375
0.329345703125
0.303955078125
0.285400390625
0.275390625
0.2685546875
0.2568359375
0.378173828125
0.264404296875
0.270263671875
0.384521484375
0.376953125
0.2841796875
0.2802734375
0.30419921875
0.2734375
0.3017578125
0.31591796875
0.3251953125
0.31640625
0.374755859375
0.198974609375
0.355224609375
0.369140625
0.285400390625
0.32470703125
0.322509765625
0.348388671875
0.276611328125
0.2529296875
0.2149658203125
0.201904296875
0.333740234375
0.284912109375
0.266357421875
0.275634765625
0.322021484375
0.30615234375
0.29541015625
0.291015625
0.2841796875
0.28125
0.291748046875
0.289306640625
0.292724609375
0.214111328125
0.30078125
0.267578125
0.275634765625
0.293212890625
0.356201171875
0.2403564453125
0.29736328125
0.249755859375
0.1983642578125
0.296630859375
0.186767578125
0.30029296875
0.301025390625
0.332275390625
0.32421875
0.259765625
0.277587890625
0.289306640625
0.364501953125
0.307861328125
0.31494140625
0.279541015625
0.332275390625
0.315673828125
0.347900390625
0.2109375
0.287109375
0.336181640625
0.296630859375
0.2509765625
0.356201171875
0.278564453125
0.28369140625
0.302734375
0.31591796875
0.253662109375
0.2900390625
0.272216796875
0.2919921875
0.2646484375
0.236572265625
0.202392578125
0.248046875
0.287109375
0.2861328125
0.344970703125
0.281005859375
0.3056640625
0.364990234375
0.29296875
0.264892578125
0.2861328125
0.30078125
0.3583984375
0.262939453125
0.28857421875
0.2298583984375
0.294189453125
0.2249755859375
0.292724609375
0.32958984375
0.2724609375
0.26318359375
0.357421875
0.33056640625
0.2939453125
0.272705078125
0.30126953125
0.259033203125
0.32958984375
0.2666015625
0.2198486328125
0.294677734375
0.28076171875
0.37109375
0.282958984375
0.276123046875
0.27392578125
0.2861328125
0.275634765625
0.2325439453125
0.20556640625
0.3173828125
0.29248046875
0.1934814453125
0.28955078125
0.32373046875
0.3974609375
0.314208984375
0.25244140625
0.1939697265625
0.27880859375
0.298095703125
0.275634765625
0.26416015625
0.2491455078125
0.268310546875
0.284423828125
0.319580078125
0.267578125
0.258056640625
0.1798095703125
0.32763671875
0.2242431640625
0.322265625
0.191162109375
0.31591796875
0.314697265625
0.322509765625
0.29052734375
0.33740234375
0.344482421875
0.2919921875
0.27880859375
0.284423828125
0.2178955078125
0.2117919921875
0.30517578125
0.2880859375
0.265625
0.27587890625
0.343017578125
0.3095703125
0.291748046875
0.30322265625
0.21484375
0.27490234375
0.2454833984375
0.294677734375
0.292724609375
0.207275390625
0.19580078125
0.2763671875
0.2666015625
0.35400390625
0.277587890625
0.260009765625
0.288818359375
0.33642578125
0.28369140625
0.2998046875
0.3447265625
0.2763671875
0.29443359375
0.30029296875
0.216064453125
0.306396484375
0.2130126953125
0.32177734375
0.2626953125
0.28857421875
0.2744140625
0.3466796875
0.2127685546875
0.3173828125
0.364013671875
0.252685546875
0.367919921875
0.2093505859375
0.29931640625
0.220703125
0.2030029296875
0.29541015625
0.318115234375
0.271484375
0.21435546875
0.302490234375
0.35693359375
0.276123046875
0.193603515625
0.29248046875
0.304443359375
0.28173828125
0.289794921875
0.198486328125
0.2861328125
0.2010498046875
0.207275390625
0.374267578125
0.287353515625
0.267822265625
0.2841796875
0.346923828125
0.2060546875
0.309814453125
0.2646484375
0.275390625
0.277587890625
0.291748046875
0.276611328125
0.266845703125
0.293701171875
0.274169921875
0.259521484375
0.326171875
0.256103515625
0.28076171875
0.25927734375
0.32861328125
0.28466796875
0.2440185546875
0.277099609375
0.330810546875
0.2265625
0.281982421875
0.369873046875
0.335693359375
0.2880859375
0.25244140625
0.271728515625
0.37548828125
0.309814453125
0.31689453125
0.347412109375
0.290771484375
0.27783203125
0.3466796875
0.301513671875
0.314208984375
0.326171875
0.2724609375
0.3583984375
0.299560546875
0.277587890625
0.302490234375
0.2138671875
0.313232421875
0.292236328125
0.2061767578125
0.195068359375
0.281982421875
0.29443359375
0.3203125
0.30419921875
0.300537109375
0.273681640625
0.33544921875
0.2900390625
0.266845703125
0.2115478515625
0.322021484375
0.27587890625
0.2354736328125
0.285888671875
0.26220703125
0.351318359375
0.282958984375
0.284423828125
0.385498046875
0.285400390625
0.28076171875
0.2744140625
0.282958984375
0.201904296875
0.2093505859375
0.198974609375
0.281982421875
0.32177734375
0.318115234375
0.3203125
0.314453125
0.292724609375
0.28955078125
0.3271484375
0.280029296875
0.2646484375
0.29638671875
0.276123046875
0.265625
0.268798828125
0.335205078125
0.36474609375
0.274658203125
0.315185546875
0.321044921875
0.269287109375
0.29248046875
0.286865234375
0.263916015625
0.296630859375
0.280517578125
0.287353515625
0.32861328125
0.2685546875
0.285888671875
0.2081298828125
0.33740234375
0.261474609375
0.28662109375
0.293212890625
0.2176513671875
0.275634765625
0.285888671875
0.264892578125
0.30029296875
0.227783203125
0.261474609375
0.30712890625
0.256591796875
0.2010498046875
0.32666015625
0.224609375
0.2171630859375
0.302490234375
0.2098388671875
0.322265625
0.307861328125
0.311279296875
0.342529296875
0.29296875
0.298583984375
0.26318359375
0.30859375
0.25048828125
0.24072265625
0.2061767578125
0.31591796875
0.302001953125
0.1925048828125
0.261474609375
0.32958984375
0.2176513671875
0.3056640625
0.26708984375
0.267333984375
0.256103515625
0.307373046875
0.30810546875
0.266845703125
0.28955078125
0.26513671875
0.2301025390625
0.3349609375
0.20849609375
0.266845703125
0.329345703125
0.279052734375
0.267822265625
0.29248046875
Average: 0.2919527587890625
