0.6572265625
0.662109375
0.456787109375
0.68115234375
0.7265625
0.71533203125
0.75390625
0.52783203125
0.63720703125
0.6396484375
0.74267578125
0.595703125
0.724609375
0.438720703125
0.66162109375
0.4970703125
0.51025390625
0.54541015625
0.6005859375
0.66455078125
0.6298828125
0.6904296875
0.548828125
0.63037109375
0.6201171875
0.609375
0.7578125
0.55712890625
0.67333984375
0.73193359375
0.66259765625
0.6640625
0.466796875
0.6142578125
0.71533203125
0.6884765625
0.48583984375
0.51611328125
0.5966796875
0.7744140625
0.60693359375
0.65234375
0.57373046875
0.68896484375
0.8056640625
0.5078125
0.5400390625
0.5986328125
0.7080078125
0.62744140625
0.7509765625
0.6669921875
0.642578125
0.5517578125
0.57958984375
0.50927734375
0.5615234375
0.52392578125
0.673828125
0.5078125
0.609375
0.673828125
0.66943359375
0.7138671875
0.626953125
0.58056640625
0.611328125
0.58203125
0.6904296875
0.68798828125
0.63330078125
0.54931640625
0.76123046875
0.60400390625
0.6591796875
0.6376953125
0.56494140625
0.66259765625
0.77294921875
0.6181640625
0.78076171875
0.64501953125
0.6328125
0.8095703125
0.60986328125
0.46923828125
0.5205078125
0.67626953125
0.50341796875
0.6650390625
0.66357421875
0.54833984375
0.646484375
0.62890625
0.68017578125
0.5693359375
0.66064453125
0.56494140625
0.63232421875
0.71630859375
0.646484375
0.43115234375
0.6396484375
0.779296875
0.64453125
0.483642578125
0.552734375
0.61767578125
0.53662109375
0.755859375
0.6474609375
0.591796875
0.6337890625
0.716796875
0.76806640625
0.70556640625
0.64599609375
0.5615234375
0.6513671875
0.5244140625
0.477783203125
0.689453125
0.7294921875
0.6083984375
0.60693359375
0.708984375
0.541015625
0.52197265625
0.6728515625
0.73681640625
0.6259765625
0.6337890625
0.6572265625
0.54052734375
0.76708984375
0.65380859375
0.5263671875
0.71435546875
0.67578125
0.58740234375
0.7412109375
0.68505859375
0.6259765625
0.7275390625
0.5556640625
0.72119140625
0.60107421875
0.72216796875
0.6005859375
0.84130859375
0.697265625
0.5537109375
0.63037109375
0.59912109375
0.783203125
0.71533203125
0.6865234375
0.67529296875
0.578125
0.78564453125
0.728515625
0.55224609375
0.712890625
0.6962890625
0.72119140625
0.67724609375
0.6123046875
0.640625
0.497802734375
0.666015625
0.75830078125
0.6748046875
0.72314453125
0.79248046875
0.650390625
0.60986328125
0.69482421875
0.6181640625
0.6435546875
0.72119140625
0.63427734375
0.60791015625
0.34423828125
0.62451171875
0.66357421875
0.66748046875
0.492431640625
0.62939453125
0.5888671875
0.6064453125
0.7138671875
0.546875
0.52587890625
0.70556640625
0.63671875
0.8271484375
0.71533203125
0.71533203125
0.701171875
0.626953125
0.7724609375
0.51806640625
0.5849609375
0.6123046875
0.56884765625
0.498046875
0.81201171875
0.6005859375
0.6201171875
0.61572265625
0.53173828125
0.482421875
0.74169921875
0.63427734375
0.59326171875
0.59228515625
0.68359375
0.64990234375
0.6044921875
0.66162109375
0.484619140625
0.58349609375
0.68701171875
0.62841796875
0.7255859375
0.80859375
0.6015625
0.62109375
0.59765625
0.6484375
0.6416015625
0.61181640625
0.69091796875
0.55810546875
0.60986328125
0.67041015625
0.58935546875
0.62451171875
0.58740234375
0.73779296875
0.61279296875
0.7958984375
0.79541015625
0.63525390625
0.68310546875
0.71484375
0.67138671875
0.4501953125
0.6298828125
0.6494140625
0.5625
0.603515625
0.56396484375
0.783203125
0.52099609375
0.81201171875
0.615234375
0.7626953125
0.52978515625
0.58935546875
0.69091796875
0.63623046875
0.71630859375
0.7001953125
0.55908203125
0.71630859375
0.654296875
0.5302734375
0.69287109375
0.490966796875
0.61181640625
0.5654296875
0.59130859375
0.54638671875
0.60205078125
0.7470703125
0.599609375
0.6181640625
0.611328125
0.45263671875
0.591796875
0.59912109375
0.58984375
0.60400390625
0.6025390625
0.63330078125
0.64404296875
0.5048828125
0.5869140625
0.65234375
0.426513671875
0.69287109375
0.681640625
0.63427734375
0.428955078125
0.63525390625
0.705078125
0.7109375
0.74658203125
0.63916015625
0.61669921875
0.55322265625
0.501953125
0.56494140625
0.67041015625
0.468505859375
0.7890625
0.52685546875
0.63623046875
0.63623046875
0.64501953125
0.76220703125
0.716796875
0.62353515625
0.7333984375
0.669921875
0.63134765625
0.6064453125
0.666015625
0.546875
0.57373046875
0.53076171875
0.69921875
0.642578125
0.56201171875
0.64013671875
0.6494140625
0.6474609375
0.7431640625
0.556640625
0.576171875
0.57421875
0.6767578125
0.646484375
0.666015625
0.59912109375
0.75927734375
0.70751953125
0.603515625
0.6982421875
0.54833984375
0.6708984375
0.68017578125
0.64892578125
0.625
0.51171875
0.62939453125
0.57177734375
0.5810546875
0.60791015625
0.525390625
0.71923828125
0.6455078125
0.7255859375
0.61865234375
0.72314453125
0.59619140625
0.818359375
0.63671875
0.5751953125
0.623046875
0.6630859375
0.62939453125
0.6044921875
0.5751953125
0.60693359375
0.7158203125
0.6533203125
0.59033203125
0.720703125
0.5546875
0.630859375
0.60400390625
0.5556640625
0.68701171875
0.427978515625
0.75634765625
0.72021484375
0.59765625
0.63232421875
0.55810546875
0.701171875
0.477783203125
0.673828125
0.654296875
0.5478515625
0.62060546875
0.642578125
0.51171875
0.73779296875
0.73828125
0.67333984375
0.64404296875
0.60791015625
0.4697265625
0.6025390625
0.6748046875
0.63720703125
0.6923828125
0.583984375
0.654296875
0.76025390625
0.775390625
0.61328125
0.5947265625
0.60107421875
0.68115234375
0.67578125
0.68505859375
0.666015625
0.6015625
0.7744140625
0.62548828125
0.8115234375
0.55517578125
0.802734375
0.69287109375
0.51806640625
0.66259765625
0.67431640625
0.5361328125
0.5283203125
0.61279296875
0.68701171875
0.732421875
0.71533203125
0.73779296875
0.467529296875
0.634765625
0.66943359375
0.61083984375
0.68994140625
0.69091796875
0.736328125
0.61328125
0.75927734375
0.66796875
0.6923828125
0.5703125
0.439453125
0.6357421875
0.72705078125
0.52880859375
0.67041015625
0.6845703125
0.6279296875
0.5634765625
0.66064453125
0.8349609375
0.7138671875
0.62255859375
0.62353515625
0.65771484375
0.73583984375
0.70947265625
0.73486328125
0.5458984375
0.7412109375
0.7373046875
0.5478515625
0.79052734375
0.669921875
0.78662109375
0.7978515625
0.77587890625
0.80078125
0.70703125
0.6142578125
0.662109375
0.6591796875
0.72998046875
0.7509765625
0.78173828125
0.78076171875
0.49658203125
0.78076171875
0.6318359375
0.77734375
0.73193359375
0.63818359375
0.8154296875
0.67529296875
0.81494140625
0.7900390625
0.76318359375
0.70751953125
0.5419921875
0.61376953125
0.7109375
0.73291015625
0.65234375
0.62060546875
0.7041015625
0.72509765625
0.5732421875
0.48095703125
0.625
0.63720703125
0.69482421875
0.72119140625
0.79931640625
0.658203125
0.5166015625
0.66845703125
0.62255859375
0.55908203125
0.60595703125
0.63525390625
0.560546875
0.59326171875
0.65966796875
0.69140625
0.6845703125
0.857421875
0.681640625
0.703125
0.7822265625
0.69921875
0.541015625
0.6005859375
0.7080078125
0.71484375
0.61279296875
0.8125
0.591796875
0.755859375
0.6982421875
0.5888671875
0.54931640625
0.59814453125
0.740234375
0.62841796875
0.68505859375
0.630859375
0.77294921875
0.80908203125
0.6171875
0.6806640625
0.712890625
0.70751953125
0.5810546875
0.59033203125
0.67529296875
0.693359375
0.744140625
0.7294921875
0.6298828125
0.70458984375
0.669921875
0.78759765625
0.68017578125
0.66748046875
0.50390625
0.61474609375
0.662109375
0.63623046875
0.70458984375
0.623046875
0.69287109375
0.492431640625
0.796875
0.8349609375
0.57177734375
0.701171875
0.7021484375
0.673828125
0.69775390625
0.7275390625
0.56396484375
0.57373046875
0.81396484375
0.59326171875
0.6552734375
0.837890625
0.66650390625
0.476318359375
0.732421875
0.63134765625
0.642578125
0.6201171875
0.52734375
0.75439453125
0.6376953125
0.442626953125
0.69287109375
0.66943359375
0.6767578125
0.59814453125
0.587890625
0.556640625
0.6005859375
0.6083984375
0.6337890625
0.61376953125
0.611328125
0.498779296875
0.74853515625
0.5556640625
0.7841796875
0.60888671875
0.619140625
0.5869140625
0.6083984375
0.58349609375
0.59423828125
0.673828125
0.6513671875
0.5810546875
0.479248046875
0.77734375
0.599609375
0.61376953125
0.65869140625
0.70458984375
0.5439453125
0.63525390625
0.69970703125
0.64794921875
0.591796875
0.6044921875
0.71826171875
0.5634765625
0.68798828125
0.51953125
0.63623046875
0.6884765625
0.64208984375
0.461181640625
0.55517578125
0.61328125
0.62060546875
0.646484375
0.58642578125
0.8095703125
0.60302734375
0.70703125
0.662109375
0.755859375
0.748046875
0.57080078125
0.58837890625
0.671875
0.59912109375
0.68115234375
0.58251953125
0.65283203125
0.6689453125
0.7646484375
0.59521484375
0.70263671875
0.6513671875
0.56689453125
0.69677734375
0.494873046875
0.64599609375
0.57421875
0.7119140625
0.54931640625
0.71728515625
0.6318359375
0.49169921875
0.62890625
0.60595703125
0.5595703125
0.595703125
0.693359375
0.6015625
0.6015625
0.6455078125
0.66796875
0.6513671875
0.53662109375
0.62158203125
0.55322265625
0.662109375
0.57958984375
0.61181640625
0.56982421875
0.58447265625
0.76806640625
0.70263671875
0.498779296875
0.64892578125
0.7978515625
0.7578125
0.59912109375
0.5546875
0.82275390625
0.62060546875
0.666015625
0.54443359375
0.736328125
0.55126953125
0.65673828125
0.56689453125
0.671875
0.552734375
0.74365234375
0.58251953125
0.6865234375
0.57080078125
0.63525390625
0.71240234375
0.6220703125
0.6396484375
0.64208984375
0.703125
0.58740234375
0.5966796875
0.69921875
0.61083984375
0.6640625
0.474853515625
0.681640625
0.6083984375
0.58740234375
0.7177734375
0.69677734375
0.6435546875
0.6806640625
0.669921875
0.8046875
0.58154296875
0.53564453125
0.6806640625
0.63232421875
0.7041015625
0.65576171875
0.677734375
0.6044921875
0.72216796875
0.5654296875
0.6328125
0.5712890625
0.70166015625
0.71044921875
0.61328125
0.677734375
0.60546875
0.55859375
0.6318359375
0.6875
0.74267578125
0.6484375
0.658203125
0.6279296875
0.66748046875
0.7412109375
0.615234375
0.53662109375
0.7080078125
0.49560546875
0.6513671875
0.58349609375
0.6669921875
0.5546875
0.619140625
0.5732421875
0.62060546875
0.463134765625
0.72265625
0.619140625
0.70556640625
0.56982421875
0.66796875
0.60009765625
0.765625
0.544921875
0.74658203125
0.74072265625
0.66796875
0.64453125
0.52880859375
0.642578125
0.6904296875
0.7158203125
0.564453125
0.65234375
0.53564453125
0.619140625
0.57275390625
0.669921875
0.7392578125
0.6826171875
0.57666015625
0.65234375
0.66552734375
0.650390625
0.509765625
0.67041015625
0.63037109375
0.564453125
0.6357421875
0.64794921875
0.51904296875
0.73681640625
0.61474609375
0.65576171875
0.70458984375
0.66064453125
0.66357421875
0.67626953125
0.72021484375
0.6982421875
0.5732421875
0.64453125
0.63525390625
0.6552734375
0.72412109375
0.6982421875
0.5322265625
0.61865234375
0.74560546875
0.76904296875
0.52392578125
0.74951171875
0.7734375
0.64892578125
0.72900390625
0.72265625
0.5654296875
0.6044921875
0.6669921875
0.68017578125
0.73828125
0.61328125
0.62548828125
0.69775390625
0.71044921875
0.55712890625
0.65966796875
0.642578125
0.572265625
0.64453125
0.599609375
0.63818359375
0.5810546875
0.5126953125
0.68359375
0.755859375
0.6806640625
0.70361328125
0.58642578125
0.7060546875
0.54052734375
0.66162109375
0.58349609375
0.591796875
0.6953125
0.66259765625
0.66357421875
0.51611328125
0.646484375
0.67333984375
0.451904296875
0.67138671875
0.6357421875
0.6591796875
0.51953125
0.61376953125
0.5146484375
0.52197265625
0.53515625
0.564453125
0.744140625
0.63720703125
0.8125
0.61572265625
0.583984375
0.6884765625
0.6337890625
0.74365234375
0.486083984375
0.62255859375
0.6728515625
0.505859375
0.54541015625
0.71826171875
0.6142578125
0.65185546875
0.66357421875
0.55810546875
0.583984375
0.59716796875
0.59912109375
0.56689453125
0.595703125
0.481201171875
0.64697265625
0.607421875
0.6826171875
0.53076171875
0.72265625
0.67822265625
0.59228515625
0.6279296875
0.61669921875
0.5087890625
0.56298828125
0.55810546875
0.51025390625
0.681640625
0.5390625
0.63916015625
0.650390625
0.55126953125
0.666015625
0.77880859375
0.418212890625
0.60888671875
0.474365234375
0.57763671875
0.50390625
0.5224609375
0.57177734375
0.64306640625
0.67041015625
0.57421875
0.63525390625
0.669921875
0.67138671875
0.78076171875
0.64404296875
0.64111328125
0.5009765625
0.6650390625
0.489501953125
0.66357421875
0.62451171875
0.6533203125
0.7509765625
0.703125
0.51171875
0.58447265625
0.62353515625
0.8203125
0.68603515625
0.6376953125
0.59033203125
0.572265625
0.591796875
0.5400390625
0.463623046875
0.494873046875
0.525390625
0.576171875
0.5751953125
0.646484375
0.57373046875
0.5634765625
0.69677734375
0.56884765625
0.62353515625
0.60009765625
0.58984375
0.60400390625
0.5654296875
0.505859375
0.6669921875
0.5810546875
0.57080078125
0.6533203125
0.491455078125
0.7021484375
0.619140625
0.64111328125
0.6572265625
0.681640625
0.70751953125
0.6318359375
0.50830078125
0.63916015625
0.5322265625
0.7333984375
0.59765625
0.5390625
0.6240234375
0.58056640625
0.66162109375
0.62548828125
0.65673828125
0.6591796875
0.6357421875
0.67529296875
0.6171875
0.62890625
0.7041015625
0.6298828125
0.64404296875
0.69677734375
0.6279296875
0.59130859375
0.40673828125
0.666015625
0.6025390625
0.6591796875
0.5966796875
0.54931640625
0.65283203125
0.65478515625
Average: 0.637885498046875
