0.34375
0.269287109375
0.25341796875
0.3232421875
0.37841796875
0.284912109375
0.29638671875
0.337646484375
0.274169921875
0.30908203125
0.3203125
0.321533203125
0.350830078125
0.23388671875
0.30517578125
0.261474609375
0.285888671875
0.29052734375
0.30419921875
0.25732421875
0.27587890625
0.35791015625
0.291015625
0.30029296875
0.2734375
0.295166015625
0.343994140625
0.292236328125
0.330322265625
0.2890625
0.27783203125
0.3544921875
0.298583984375
0.27294921875
0.361328125
0.298095703125
0.267822265625
0.302490234375
0.359375
0.327392578125
0.348876953125
0.26123046875
0.3125
0.26904296875
0.283447265625
0.27587890625
0.310791015625
0.259765625
0.36767578125
0.339111328125
0.317626953125
0.31298828125
0.36572265625
0.288330078125
0.30322265625
0.29248046875
0.2666015625
0.25830078125
0.30517578125
0.299072265625
0.296142578125
0.2744140625
0.327392578125
0.383544921875
0.28173828125
0.3310546875
0.35400390625
0.263916015625
0.302001953125
0.307861328125
0.29248046875
0.2861328125
0.264404296875
0.25048828125
0.294921875
0.30859375
0.26904296875
0.28955078125
0.386474609375
0.323974609375
0.314208984375
0.265380859375
0.26171875
0.34765625
0.299072265625
0.30078125
0.267578125
0.302734375
0.314453125
0.28173828125
0.27099609375
0.273193359375
0.354736328125
0.28173828125
0.2705078125
0.282470703125
0.298828125
0.322509765625
0.35302734375
0.3212890625
0.322998046875
0.288818359375
0.314697265625
0.3544921875
0.30224609375
0.318603515625
0.27099609375
0.291015625
0.258056640625
0.289306640625
0.320556640625
0.260498046875
0.386962890625
0.31494140625
0.333984375
0.309814453125
0.318115234375
0.290283203125
0.254150390625
0.258544921875
0.286865234375
0.3505859375
0.2890625
0.37060546875
0.38671875
0.298095703125
0.29931640625
0.3291015625
0.359375
0.349365234375
0.28857421875
0.32958984375
0.298583984375
0.283203125
0.355224609375
0.305908203125
0.262939453125
0.294921875
0.37109375
0.2900390625
0.3193359375
0.361083984375
0.353515625
0.345703125
0.2802734375
0.2724609375
0.296875
0.42041015625
0.316650390625
0.31982421875
0.33837890625
0.2568359375
0.338623046875
0.278564453125
0.322265625
0.345947265625
0.355712890625
0.308349609375
0.28662109375
0.296142578125
0.378173828125
0.305908203125
0.3232421875
0.290771484375
0.3408203125
0.330078125
0.34423828125
0.246826171875
0.26123046875
0.282958984375
0.316162109375
0.304931640625
0.337646484375
0.345458984375
0.329345703125
0.283935546875
0.2744140625
0.323974609375
0.255615234375
0.34912109375
0.294189453125
0.304931640625
0.287109375
0.283935546875
0.27001953125
0.2900390625
0.29833984375
0.26025390625
0.29296875
0.2314453125
0.353515625
0.32373046875
0.3046875
0.312744140625
0.278564453125
0.29296875
0.36767578125
0.34326171875
0.2783203125
0.329345703125
0.3134765625
0.30322265625
0.27783203125
0.299072265625
0.296875
0.26318359375
0.36376953125
0.28662109375
0.26513671875
0.286376953125
0.29248046875
0.267333984375
0.357666015625
0.302001953125
0.316162109375
0.285400390625
0.332763671875
0.2841796875
0.29931640625
0.408935546875
0.317626953125
0.27978515625
0.31689453125
0.287841796875
0.298095703125
0.317626953125
0.298095703125
0.271240234375
0.30078125
0.313232421875
0.280517578125
0.2880859375
0.290771484375
0.2744140625
0.289306640625
0.3876953125
0.29345703125
0.30712890625
0.280517578125
0.305908203125
0.310302734375
0.36572265625
0.33447265625
0.334228515625
0.33251953125
0.2705078125
0.2724609375
0.29296875
0.26611328125
0.289306640625
0.295654296875
0.326171875
0.264892578125
0.28955078125
0.24755859375
0.354248046875
0.302001953125
0.341064453125
0.2427978515625
0.302490234375
0.28955078125
0.26025390625
0.3232421875
0.37109375
0.25537109375
0.351806640625
0.255859375
0.3056640625
0.33984375
0.326171875
0.3232421875
0.3212890625
0.311767578125
0.35498046875
0.31640625
0.352783203125
0.2666015625
0.29248046875
0.290283203125
0.31689453125
0.28271484375
0.288818359375
0.337646484375
0.2978515625
0.2783203125
0.3046875
0.271484375
0.258544921875
0.314208984375
0.350830078125
0.26611328125
0.334228515625
0.288330078125
0.33056640625
0.29248046875
0.316650390625
0.3662109375
0.42138671875
0.28857421875
0.392333984375
0.271728515625
0.283447265625
0.26611328125
0.270751953125
0.28515625
0.266845703125
0.27734375
0.276611328125
0.3076171875
0.321533203125
0.29931640625
0.31982421875
0.316650390625
0.36767578125
0.343994140625
0.318603515625
0.32861328125
0.26708984375
0.369873046875
0.2421875
0.251220703125
0.252197265625
0.321044921875
0.332275390625
0.29541015625
0.289794921875
0.29736328125
0.2880859375
0.303466796875
0.31298828125
0.307861328125
0.29833984375
0.29736328125
0.298828125
0.38818359375
0.31787109375
0.28466796875
0.28955078125
0.3310546875
0.30078125
0.265869140625
0.322265625
0.322265625
0.312255859375
0.2783203125
0.34521484375
0.2783203125
0.2841796875
0.293212890625
0.2939453125
0.30126953125
0.37841796875
0.294189453125
0.3525390625
0.284912109375
0.35546875
0.378662109375
0.322021484375
0.30126953125
0.322509765625
0.294677734375
0.333984375
0.313232421875
0.331787109375
0.328125
0.292236328125
0.277587890625
0.318359375
0.277587890625
0.33984375
0.265625
0.3017578125
0.295654296875
0.325927734375
0.2783203125
0.268798828125
0.317626953125
0.2880859375
0.33154296875
0.299072265625
0.273193359375
0.2890625
0.28955078125
0.34814453125
0.337646484375
0.2481689453125
0.260986328125
0.3759765625
0.3212890625
0.328125
0.291748046875
0.292724609375
0.26708984375
0.291748046875
0.2451171875
0.259765625
0.34033203125
0.271240234375
0.356689453125
0.300537109375
0.29150390625
0.287841796875
0.313720703125
0.318359375
0.297119140625
0.293701171875
0.323486328125
0.28759765625
0.27783203125
0.367431640625
0.2998046875
0.31982421875
0.320556640625
0.36328125
0.262451171875
0.32177734375
0.301025390625
0.28515625
0.305908203125
0.27197265625
0.316650390625
0.296142578125
0.28515625
0.26416015625
0.328125
0.310302734375
0.384033203125
0.27734375
0.2958984375
0.327880859375
0.290771484375
0.2587890625
0.3388671875
0.374267578125
0.33740234375
0.331298828125
0.2890625
0.3642578125
0.3115234375
0.279296875
0.3701171875
0.3486328125
0.27587890625
0.265380859375
0.317626953125
0.35595703125
0.306640625
0.31396484375
0.30419921875
0.36181640625
0.327392578125
0.375
0.3037109375
0.365478515625
0.343505859375
0.341552734375
0.33154296875
0.33837890625
0.345703125
0.33740234375
0.374755859375
0.3232421875
0.32275390625
0.363037109375
0.353271484375
0.338134765625
0.262939453125
0.318359375
0.314697265625
0.3359375
0.295654296875
0.373046875
0.348388671875
0.348388671875
0.258056640625
0.28125
0.2841796875
0.345703125
0.27099609375
0.314697265625
0.33935546875
0.29296875
0.348388671875
0.36376953125
0.326416015625
0.281005859375
0.29296875
0.275146484375
0.309814453125
0.296142578125
0.27587890625
0.261962890625
0.337890625
0.297119140625
0.33056640625
0.30224609375
0.322509765625
0.26953125
0.33349609375
0.358642578125
0.34619140625
0.33203125
0.2432861328125
0.2646484375
0.25537109375
0.281982421875
0.295166015625
0.273681640625
0.27099609375
0.319091796875
0.38671875
0.301513671875
0.297119140625
0.35888671875
0.349609375
0.307373046875
0.365234375
0.33642578125
0.24169921875
0.364501953125
0.341552734375
0.302001953125
0.277099609375
0.31982421875
0.355712890625
0.3388671875
0.298828125
0.301513671875
0.287109375
0.319091796875
0.339599609375
0.31787109375
0.3134765625
0.29931640625
0.34765625
0.349609375
0.326904296875
0.33935546875
0.295166015625
0.314208984375
0.27099609375
0.28173828125
0.314208984375
0.313720703125
0.289794921875
0.36767578125
0.354248046875
0.376953125
0.28759765625
0.3349609375
0.290771484375
0.281005859375
0.27197265625
0.27001953125
0.28125
0.28759765625
0.34716796875
0.277587890625
0.28173828125
0.2919921875
0.349609375
0.379150390625
0.265625
0.304443359375
0.304443359375
0.30078125
0.349853515625
0.320068359375
0.255615234375
0.265380859375
0.357177734375
0.24755859375
0.265625
0.31982421875
0.37451171875
0.345458984375
0.33251953125
0.283935546875
0.25634765625
0.345458984375
0.3037109375
0.373046875
0.3125
0.322509765625
0.3447265625
0.3505859375
0.31640625
0.270751953125
0.294189453125
0.28369140625
0.268310546875
0.27734375
0.32470703125
0.265625
0.2861328125
0.265625
0.328857421875
0.36767578125
0.354248046875
0.307373046875
0.287353515625
0.321044921875
0.362548828125
0.33642578125
0.288818359375
0.29150390625
0.2861328125
0.314208984375
0.292236328125
0.352294921875
0.294189453125
0.37255859375
0.281982421875
0.37158203125
0.302978515625
0.338623046875
0.359375
0.370849609375
0.28564453125
0.2734375
0.274658203125
0.26611328125
0.295654296875
0.285888671875
0.292724609375
0.399658203125
0.365966796875
0.2763671875
0.263427734375
0.3251953125
0.285400390625
0.311767578125
0.317626953125
0.34765625
0.284912109375
0.3681640625
0.300048828125
0.335693359375
0.31396484375
0.278564453125
0.297607421875
0.349609375
0.316650390625
0.28369140625
0.30517578125
0.280517578125
0.293701171875
0.31982421875
0.261474609375
0.27880859375
0.33447265625
0.309326171875
0.32568359375
0.29541015625
0.28662109375
0.291259765625
0.2763671875
0.312255859375
0.311279296875
0.312744140625
0.2484130859375
0.305419921875
0.27978515625
0.27294921875
0.275146484375
0.357177734375
0.267578125
0.32080078125
0.298095703125
0.285888671875
0.287109375
0.3076171875
0.29541015625
0.284912109375
0.307861328125
0.356689453125
0.262939453125
0.288818359375
0.305908203125
0.386474609375
0.348388671875
0.31298828125
0.29052734375
0.393798828125
0.367431640625
0.333984375
0.238037109375
0.33056640625
0.281005859375
0.2666015625
0.2462158203125
0.337646484375
0.262939453125
0.33349609375
0.2474365234375
0.35595703125
0.2998046875
0.288330078125
0.2705078125
0.31298828125
0.300537109375
0.284912109375
0.317138671875
0.265380859375
0.30029296875
0.2841796875
0.34375
0.27197265625
0.28857421875
0.345947265625
0.274169921875
0.302734375
0.286376953125
0.281982421875
0.369140625
0.301025390625
0.2919921875
0.26611328125
0.291748046875
0.323974609375
0.302001953125
0.3095703125
0.30859375
0.260009765625
0.33984375
0.353515625
0.282958984375
0.288330078125
0.31298828125
0.27490234375
0.2998046875
0.33349609375
0.33837890625
0.31005859375
0.313232421875
0.34716796875
0.302490234375
0.292236328125
0.324462890625
0.326904296875
0.277587890625
0.345703125
0.3544921875
0.295166015625
0.37939453125
0.322021484375
0.28564453125
0.393798828125
0.354248046875
0.313720703125
0.26904296875
0.30029296875
0.348388671875
0.283935546875
0.280517578125
0.337646484375
0.3037109375
0.27880859375
0.3056640625
0.289794921875
0.272216796875
0.283447265625
0.292724609375
0.321533203125
0.331298828125
0.322021484375
0.32080078125
0.290771484375
0.3427734375
0.309326171875
0.30517578125
0.322021484375
0.33935546875
0.283935546875
0.27099609375
0.30517578125
0.269287109375
0.3046875
0.335693359375
0.309326171875
0.269287109375
0.31201171875
0.357421875
0.287841796875
0.304931640625
0.298828125
0.357177734375
0.284912109375
0.2734375
0.295166015625
0.306396484375
0.294189453125
0.296630859375
0.295166015625
0.3037109375
0.361572265625
0.292724609375
0.272705078125
0.286376953125
0.316650390625
0.26416015625
0.287353515625
0.305908203125
0.2734375
0.313720703125
0.293212890625
0.2802734375
0.36279296875
0.296142578125
0.33203125
0.259521484375
0.3056640625
0.26513671875
0.354736328125
0.261962890625
0.33984375
0.396728515625
0.2705078125
0.345947265625
0.279296875
0.34130859375
0.301025390625
0.27734375
0.2890625
0.376708984375
0.288330078125
0.264892578125
0.269287109375
0.349609375
0.25
0.26708984375
0.30224609375
0.32568359375
0.299560546875
0.317626953125
0.306396484375
0.286865234375
0.279296875
0.2919921875
0.340087890625
0.28955078125
0.274658203125
0.284423828125
0.29296875
0.26513671875
0.322021484375
0.28857421875
0.281005859375
0.30712890625
0.271728515625
0.28125
0.27587890625
0.3017578125
0.2724609375
0.28271484375
0.329833984375
0.2587890625
0.340576171875
0.298095703125
0.29638671875
0.2822265625
0.2646484375
0.285888671875
0.36474609375
0.327880859375
0.29248046875
0.3330078125
0.37109375
0.263427734375
0.260498046875
0.299072265625
0.360107421875
0.298583984375
0.302978515625
0.337646484375
0.299560546875
0.271240234375
0.392578125
0.30224609375
0.311767578125
0.346923828125
0.283447265625
0.358154296875
0.283203125
0.295654296875
0.339599609375
0.283935546875
0.309326171875
0.360595703125
0.26513671875
0.32275390625
0.270751953125
0.2900390625
0.3779296875
0.301025390625
0.316650390625
0.2783203125
0.338623046875
0.279052734375
0.28076171875
0.266357421875
0.35595703125
0.29345703125
0.279541015625
0.27734375
0.272705078125
0.3447265625
0.31982421875
0.28369140625
0.380859375
0.30029296875
0.284912109375
0.263427734375
0.329345703125
0.354248046875
0.26611328125
0.275390625
0.27001953125
0.318603515625
0.31201171875
0.35107421875
0.337646484375
0.287109375
0.279052734375
0.33740234375
0.3486328125
0.285400390625
0.299072265625
0.286376953125
0.27197265625
0.277099609375
0.33154296875
0.332275390625
0.252685546875
0.323486328125
0.3671875
0.275146484375
0.2919921875
0.281005859375
0.302734375
0.323974609375
0.2802734375
0.26416015625
0.31494140625
0.27783203125
0.332763671875
0.281982421875
0.294189453125
0.275390625
0.302490234375
0.283935546875
0.306884765625
0.274658203125
0.29296875
0.31298828125
0.331787109375
0.36572265625
0.26708984375
0.309814453125
0.241943359375
0.285888671875
0.26416015625
0.2420654296875
0.2705078125
0.306396484375
0.278564453125
0.291748046875
0.3251953125
0.304931640625
0.32373046875
0.261474609375
0.302490234375
0.325927734375
0.311767578125
0.30322265625
0.264892578125
0.294921875
0.33203125
0.287109375
0.3359375
0.26953125
0.358154296875
0.254638671875
0.29638671875
0.339111328125
0.3017578125
0.259521484375
0.301513671875
0.322998046875
0.288818359375
0.28369140625
0.283447265625
0.239990234375
0.3046875
0.275390625
0.282470703125
0.29296875
0.31982421875
0.31298828125
0.271240234375
Average: 0.3068392333984375
