0.344970703125
0.274169921875
0.26416015625
0.325439453125
0.37890625
0.28564453125
0.30322265625
0.357666015625
0.303955078125
0.31982421875
0.323486328125
0.3173828125
0.346923828125
0.250732421875
0.30615234375
0.278564453125
0.313232421875
0.32568359375
0.333740234375
0.253662109375
0.302490234375
0.29736328125
0.285400390625
0.30615234375
0.284912109375
0.28857421875
0.33349609375
0.291259765625
0.328857421875
0.271484375
0.26806640625
0.35400390625
0.2880859375
0.27880859375
0.3623046875
0.29638671875
0.2783203125
0.319091796875
0.378173828125
0.330078125
0.34912109375
0.276123046875
0.319091796875
0.266845703125
0.2861328125
0.27001953125
0.2822265625
0.262939453125
0.37255859375
0.31689453125
0.322509765625
0.30517578125
0.3056640625
0.314453125
0.30078125
0.294677734375
0.254150390625
0.2685546875
0.29736328125
0.28515625
0.29931640625
0.2744140625
0.287353515625
0.392333984375
0.332275390625
0.320556640625
0.344970703125
0.260986328125
0.294921875
0.309814453125
0.28759765625
0.292724609375
0.2861328125
0.270751953125
0.297119140625
0.294189453125
0.284423828125
0.291259765625
0.39111328125
0.3232421875
0.3251953125
0.27294921875
0.2626953125
0.349853515625
0.2880859375
0.29150390625
0.266357421875
0.301513671875
0.31201171875
0.28564453125
0.284423828125
0.267333984375
0.279541015625
0.285888671875
0.270263671875
0.28369140625
0.300537109375
0.314697265625
0.362060546875
0.32275390625
0.303955078125
0.302978515625
0.304931640625
0.3369140625
0.302978515625
0.312744140625
0.273681640625
0.296142578125
0.2685546875
0.284423828125
0.332763671875
0.265625
0.384521484375
0.310546875
0.3056640625
0.30810546875
0.31201171875
0.290283203125
0.266357421875
0.265869140625
0.2783203125
0.36083984375
0.294921875
0.35986328125
0.374755859375
0.291259765625
0.28662109375
0.31689453125
0.353515625
0.34814453125
0.337890625
0.3359375
0.28857421875
0.284423828125
0.35009765625
0.2998046875
0.266357421875
0.28955078125
0.367431640625
0.29248046875
0.33203125
0.33251953125
0.3505859375
0.328125
0.322509765625
0.27099609375
0.2939453125
0.419677734375
0.274658203125
0.340087890625
0.339599609375
0.2666015625
0.32275390625
0.290771484375
0.322021484375
0.33984375
0.35595703125
0.311279296875
0.283447265625
0.313720703125
0.35302734375
0.2958984375
0.31591796875
0.271728515625
0.3466796875
0.3310546875
0.36181640625
0.2469482421875
0.2509765625
0.28369140625
0.322021484375
0.31298828125
0.33544921875
0.3291015625
0.33251953125
0.302734375
0.2841796875
0.3232421875
0.262451171875
0.366455078125
0.292724609375
0.311279296875
0.30615234375
0.290771484375
0.2666015625
0.291259765625
0.30517578125
0.2607421875
0.264404296875
0.262451171875
0.327392578125
0.3134765625
0.26611328125
0.2919921875
0.27685546875
0.301025390625
0.367431640625
0.356689453125
0.278076171875
0.33984375
0.310302734375
0.303955078125
0.271728515625
0.298095703125
0.320068359375
0.279296875
0.356689453125
0.289794921875
0.2646484375
0.286376953125
0.29052734375
0.279541015625
0.362548828125
0.3173828125
0.310546875
0.28125
0.322509765625
0.27685546875
0.298828125
0.404052734375
0.30517578125
0.29736328125
0.33154296875
0.30615234375
0.30029296875
0.323974609375
0.363037109375
0.281005859375
0.3095703125
0.3095703125
0.28076171875
0.28466796875
0.283935546875
0.285888671875
0.293212890625
0.35888671875
0.301025390625
0.31103515625
0.263427734375
0.2939453125
0.3134765625
0.35888671875
0.342529296875
0.31591796875
0.331787109375
0.2587890625
0.272216796875
0.29443359375
0.26708984375
0.29052734375
0.287841796875
0.3427734375
0.255615234375
0.290771484375
0.265869140625
0.349853515625
0.313720703125
0.3505859375
0.2423095703125
0.31005859375
0.288818359375
0.254638671875
0.328125
0.37890625
0.268310546875
0.3349609375
0.256103515625
0.279052734375
0.34326171875
0.31005859375
0.329833984375
0.333251953125
0.306884765625
0.350830078125
0.347412109375
0.346435546875
0.265869140625
0.289794921875
0.295166015625
0.302490234375
0.2685546875
0.27001953125
0.347900390625
0.287353515625
0.289794921875
0.324951171875
0.2705078125
0.27099609375
0.29052734375
0.300537109375
0.2626953125
0.322265625
0.2998046875
0.321044921875
0.25634765625
0.301025390625
0.35546875
0.406982421875
0.29541015625
0.382568359375
0.2685546875
0.3095703125
0.257080078125
0.265869140625
0.28515625
0.26806640625
0.290283203125
0.2607421875
0.306884765625
0.299560546875
0.299072265625
0.340087890625
0.300537109375
0.37255859375
0.33642578125
0.30615234375
0.339111328125
0.29150390625
0.346435546875
0.2353515625
0.260009765625
0.26806640625
0.318115234375
0.324951171875
0.292724609375
0.2890625
0.30712890625
0.28955078125
0.290771484375
0.302734375
0.302490234375
0.296630859375
0.300048828125
0.27783203125
0.401611328125
0.2841796875
0.283935546875
0.292236328125
0.32666015625
0.30078125
0.254638671875
0.303466796875
0.304443359375
0.307861328125
0.27783203125
0.3251953125
0.287353515625
0.273193359375
0.28466796875
0.28564453125
0.2958984375
0.37890625
0.2705078125
0.35693359375
0.301025390625
0.341552734375
0.3916015625
0.333251953125
0.302978515625
0.33935546875
0.287353515625
0.3056640625
0.3203125
0.3154296875
0.340576171875
0.302490234375
0.279541015625
0.294677734375
0.27783203125
0.3349609375
0.28857421875
0.296875
0.27001953125
0.322998046875
0.27587890625
0.277587890625
0.2958984375
0.29638671875
0.337646484375
0.306884765625
0.24609375
0.30029296875
0.299072265625
0.337158203125
0.33544921875
0.243896484375
0.26904296875
0.387939453125
0.32275390625
0.31640625
0.286865234375
0.289306640625
0.263427734375
0.29052734375
0.258544921875
0.268798828125
0.34619140625
0.274169921875
0.354736328125
0.310791015625
0.293212890625
0.2890625
0.32861328125
0.317626953125
0.291015625
0.28466796875
0.32080078125
0.30908203125
0.28662109375
0.361083984375
0.30615234375
0.340087890625
0.3212890625
0.348388671875
0.25927734375
0.323974609375
0.3056640625
0.269287109375
0.29443359375
0.263427734375
0.330810546875
0.30029296875
0.29443359375
0.263427734375
0.33251953125
0.314697265625
0.33642578125
0.267822265625
0.2880859375
0.331298828125
0.304443359375
0.25830078125
0.296875
0.372314453125
0.337890625
0.33154296875
0.28466796875
0.386474609375
0.298828125
0.27880859375
0.369873046875
0.345703125
0.283935546875
0.26611328125
0.31298828125
0.3544921875
0.29296875
0.312744140625
0.306396484375
0.34521484375
0.318359375
0.3740234375
0.303466796875
0.360595703125
0.342041015625
0.363037109375
0.302734375
0.351318359375
0.35546875
0.332275390625
0.369873046875
0.343994140625
0.326416015625
0.364501953125
0.354736328125
0.32470703125
0.2802734375
0.326904296875
0.323486328125
0.3359375
0.30126953125
0.36181640625
0.32177734375
0.32177734375
0.262451171875
0.2783203125
0.298828125
0.35546875
0.3349609375
0.29443359375
0.342529296875
0.29150390625
0.32177734375
0.3701171875
0.326171875
0.273681640625
0.284912109375
0.269775390625
0.265869140625
0.287841796875
0.287353515625
0.25146484375
0.333984375
0.279052734375
0.31298828125
0.306396484375
0.33642578125
0.254150390625
0.341064453125
0.375
0.354248046875
0.336181640625
0.2431640625
0.27294921875
0.2431640625
0.272705078125
0.27783203125
0.30419921875
0.2724609375
0.315185546875
0.376953125
0.302978515625
0.314697265625
0.36328125
0.364990234375
0.318603515625
0.376708984375
0.33642578125
0.265380859375
0.376953125
0.363037109375
0.306396484375
0.2822265625
0.340087890625
0.34765625
0.342529296875
0.278076171875
0.29638671875
0.278076171875
0.32666015625
0.336181640625
0.3408203125
0.297607421875
0.29296875
0.349853515625
0.39111328125
0.339111328125
0.32421875
0.32177734375
0.3251953125
0.284912109375
0.332275390625
0.3251953125
0.279296875
0.298583984375
0.3720703125
0.35107421875
0.38671875
0.28515625
0.332763671875
0.284912109375
0.280517578125
0.2607421875
0.266845703125
0.262451171875
0.281982421875
0.3291015625
0.277587890625
0.281005859375
0.294189453125
0.350830078125
0.38330078125
0.25537109375
0.322509765625
0.322509765625
0.302001953125
0.3515625
0.320556640625
0.25439453125
0.26513671875
0.35302734375
0.2364501953125
0.267333984375
0.340087890625
0.37646484375
0.37646484375
0.301025390625
0.274658203125
0.267822265625
0.334716796875
0.311767578125
0.374755859375
0.281982421875
0.33935546875
0.340087890625
0.3623046875
0.3125
0.28076171875
0.298095703125
0.2998046875
0.27392578125
0.290771484375
0.35205078125
0.25634765625
0.29638671875
0.266845703125
0.328369140625
0.37255859375
0.346435546875
0.2998046875
0.285888671875
0.342529296875
0.370361328125
0.335205078125
0.286865234375
0.288818359375
0.27880859375
0.323974609375
0.291748046875
0.34912109375
0.30322265625
0.402099609375
0.290283203125
0.363525390625
0.31298828125
0.3408203125
0.3369140625
0.36474609375
0.302734375
0.252197265625
0.263916015625
0.2646484375
0.308349609375
0.281982421875
0.2978515625
0.37158203125
0.347412109375
0.275390625
0.260986328125
0.32763671875
0.291015625
0.3369140625
0.33154296875
0.363037109375
0.301025390625
0.357177734375
0.3046875
0.320068359375
0.312255859375
0.27392578125
0.29931640625
0.364990234375
0.32763671875
0.296142578125
0.314208984375
0.288330078125
0.298828125
0.340087890625
0.267578125
0.275634765625
0.300537109375
0.330322265625
0.33349609375
0.291015625
0.29296875
0.296142578125
0.278564453125
0.292236328125
0.304443359375
0.302978515625
0.25732421875
0.300048828125
0.267333984375
0.270751953125
0.2442626953125
0.3544921875
0.2724609375
0.304931640625
0.3056640625
0.29248046875
0.30517578125
0.30908203125
0.290283203125
0.301025390625
0.33642578125
0.33984375
0.276123046875
0.289306640625
0.29541015625
0.3857421875
0.35791015625
0.322998046875
0.30078125
0.396240234375
0.37158203125
0.335693359375
0.25244140625
0.322998046875
0.3203125
0.252685546875
0.255859375
0.33544921875
0.25048828125
0.328369140625
0.2734375
0.3544921875
0.294189453125
0.274658203125
0.261474609375
0.302001953125
0.271240234375
0.301025390625
0.302978515625
0.258056640625
0.308837890625
0.28271484375
0.3515625
0.27783203125
0.276123046875
0.34912109375
0.289306640625
0.302001953125
0.290283203125
0.2861328125
0.37158203125
0.300048828125
0.295166015625
0.263916015625
0.28076171875
0.32177734375
0.31689453125
0.30810546875
0.29931640625
0.2578125
0.33544921875
0.350830078125
0.288330078125
0.286865234375
0.30517578125
0.277099609375
0.298583984375
0.321044921875
0.326416015625
0.30126953125
0.31103515625
0.34423828125
0.31689453125
0.299072265625
0.3203125
0.342041015625
0.275390625
0.361083984375
0.35205078125
0.2978515625
0.383056640625
0.33203125
0.28564453125
0.3798828125
0.350341796875
0.2939453125
0.277587890625
0.298828125
0.343994140625
0.276611328125
0.276611328125
0.340576171875
0.3173828125
0.2705078125
0.32177734375
0.326904296875
0.283203125
0.262451171875
0.298828125
0.320556640625
0.29931640625
0.329345703125
0.345703125
0.28857421875
0.35302734375
0.30712890625
0.292724609375
0.3154296875
0.354248046875
0.283935546875
0.280517578125
0.28857421875
0.271484375
0.302490234375
0.33447265625
0.30029296875
0.255859375
0.296875
0.350830078125
0.283203125
0.29541015625
0.302978515625
0.33154296875
0.301025390625
0.26904296875
0.296142578125
0.309814453125
0.28125
0.294677734375
0.294189453125
0.338623046875
0.35205078125
0.289306640625
0.2744140625
0.301513671875
0.32763671875
0.25927734375
0.27978515625
0.2939453125
0.280517578125
0.3017578125
0.2900390625
0.2685546875
0.344970703125
0.287353515625
0.32470703125
0.2626953125
0.29248046875
0.270751953125
0.3330078125
0.278564453125
0.33203125
0.404541015625
0.2479248046875
0.332763671875
0.2802734375
0.343994140625
0.320068359375
0.293701171875
0.299072265625
0.3759765625
0.3037109375
0.268310546875
0.2734375
0.3369140625
0.291259765625
0.283203125
0.310302734375
0.342529296875
0.298095703125
0.300537109375
0.302490234375
0.29541015625
0.277587890625
0.2890625
0.33544921875
0.29638671875
0.26318359375
0.2890625
0.314697265625
0.28515625
0.314453125
0.29150390625
0.28564453125
0.280029296875
0.26611328125
0.27685546875
0.28955078125
0.33837890625
0.279052734375
0.28369140625
0.33056640625
0.261474609375
0.35498046875
0.310546875
0.2493896484375
0.27294921875
0.268798828125
0.2724609375
0.338134765625
0.330810546875
0.289306640625
0.341796875
0.37060546875
0.259521484375
0.263916015625
0.298828125
0.353271484375
0.318359375
0.312255859375
0.339111328125
0.314453125
0.275146484375
0.390380859375
0.30126953125
0.3271484375
0.361572265625
0.2822265625
0.37060546875
0.281982421875
0.275146484375
0.315673828125
0.306640625
0.323486328125
0.37353515625
0.27734375
0.309814453125
0.29345703125
0.289794921875
0.37451171875
0.3046875
0.312255859375
0.286865234375
0.329345703125
0.28759765625
0.28076171875
0.281005859375
0.350830078125
0.288818359375
0.283203125
0.283935546875
0.259765625
0.340087890625
0.340087890625
0.31787109375
0.396240234375
0.31982421875
0.298095703125
0.261962890625
0.3466796875
0.367431640625
0.275146484375
0.275146484375
0.28662109375
0.312255859375
0.3056640625
0.354248046875
0.3271484375
0.291015625
0.281494140625
0.36376953125
0.31494140625
0.2802734375
0.30322265625
0.279052734375
0.28125
0.26904296875
0.325927734375
0.322998046875
0.2578125
0.324951171875
0.357666015625
0.265380859375
0.305908203125
0.29833984375
0.28662109375
0.33935546875
0.28125
0.28759765625
0.31787109375
0.271240234375
0.314697265625
0.27197265625
0.29833984375
0.263671875
0.2939453125
0.282958984375
0.299560546875
0.2646484375
0.29638671875
0.28271484375
0.294677734375
0.341552734375
0.264892578125
0.296142578125
0.2388916015625
0.291259765625
0.283203125
0.257080078125
0.281005859375
0.314453125
0.273193359375
0.283935546875
0.3193359375
0.30712890625
0.352783203125
0.279541015625
0.29931640625
0.2861328125
0.303466796875
0.3046875
0.265380859375
0.29638671875
0.298828125
0.284912109375
0.328857421875
0.266357421875
0.351318359375
0.26318359375
0.29296875
0.2822265625
0.312744140625
0.2435302734375
0.277099609375
0.310546875
0.26806640625
0.276123046875
0.268798828125
0.2442626953125
0.31591796875
0.27587890625
0.27001953125
0.255859375
0.304931640625
0.30419921875
0.280517578125
Average: 0.3067864990234375
