0.328125
0.257568359375
0.265625
0.3134765625
0.2998046875
0.298095703125
0.28173828125
0.275634765625
0.268310546875
0.250732421875
0.365234375
0.251708984375
0.3896484375
0.293701171875
0.281005859375
0.205810546875
0.222412109375
0.267822265625
0.260986328125
0.2408447265625
0.2763671875
0.249755859375
0.240478515625
0.32421875
0.2890625
0.2861328125
0.32568359375
0.25244140625
0.376953125
0.275146484375
0.2242431640625
0.372802734375
0.24462890625
0.2364501953125
0.343017578125
0.270263671875
0.258056640625
0.28125
0.325927734375
0.32666015625
0.3408203125
0.2744140625
0.354248046875
0.23681640625
0.31396484375
0.23291015625
0.250732421875
0.24853515625
0.36279296875
0.2880859375
0.318359375
0.274169921875
0.2403564453125
0.2578125
0.27294921875
0.25927734375
0.265380859375
0.2122802734375
0.298583984375
0.267333984375
0.293701171875
0.23974609375
0.284912109375
0.372314453125
0.260498046875
0.258056640625
0.322998046875
0.253662109375
0.2978515625
0.32568359375
0.29052734375
0.2437744140625
0.254638671875
0.2244873046875
0.2705078125
0.297119140625
0.264404296875
0.297607421875
0.26953125
0.328857421875
0.318603515625
0.258056640625
0.2391357421875
0.277587890625
0.25341796875
0.2392578125
0.243896484375
0.298583984375
0.26123046875
0.30419921875
0.2685546875
0.270263671875
0.2430419921875
0.31689453125
0.323486328125
0.271728515625
0.263427734375
0.25927734375
0.277099609375
0.30859375
0.359619140625
0.28173828125
0.305419921875
0.3369140625
0.2900390625
0.2012939453125
0.2225341796875
0.324462890625
0.24951171875
0.324951171875
0.34521484375
0.240234375
0.27001953125
0.298583984375
0.320068359375
0.287109375
0.308837890625
0.30859375
0.28173828125
0.2484130859375
0.258056640625
0.298095703125
0.291259765625
0.365478515625
0.361572265625
0.279541015625
0.248779296875
0.273193359375
0.366943359375
0.338134765625
0.26416015625
0.30810546875
0.29150390625
0.33544921875
0.293701171875
0.312255859375
0.25048828125
0.286376953125
0.353759765625
0.254638671875
0.34619140625
0.282958984375
0.2734375
0.297607421875
0.285888671875
0.2734375
0.26904296875
0.3994140625
0.314697265625
0.332275390625
0.30712890625
0.2071533203125
0.248046875
0.252685546875
0.30615234375
0.34130859375
0.298583984375
0.302490234375
0.25537109375
0.27587890625
0.355712890625
0.286376953125
0.302978515625
0.302978515625
0.306884765625
0.2578125
0.364990234375
0.25732421875
0.271484375
0.266357421875
0.34912109375
0.303955078125
0.311279296875
0.329345703125
0.3310546875
0.259521484375
0.265869140625
0.331298828125
0.2183837890625
0.322998046875
0.25244140625
0.279052734375
0.3369140625
0.25341796875
0.263671875
0.30224609375
0.240966796875
0.2379150390625
0.2548828125
0.25732421875
0.318603515625
0.2802734375
0.283447265625
0.316162109375
0.255126953125
0.287353515625
0.297607421875
0.32958984375
0.29296875
0.318115234375
0.296142578125
0.280517578125
0.26318359375
0.3349609375
0.324462890625
0.271728515625
0.2861328125
0.272705078125
0.2081298828125
0.318115234375
0.276123046875
0.277587890625
0.3369140625
0.29736328125
0.296142578125
0.2880859375
0.2685546875
0.24365234375
0.291259765625
0.3232421875
0.285888671875
0.247314453125
0.276611328125
0.307373046875
0.310546875
0.333251953125
0.29736328125
0.2349853515625
0.267578125
0.31494140625
0.2447509765625
0.203125
0.2958984375
0.2493896484375
0.258544921875
0.34619140625
0.25244140625
0.292724609375
0.241455078125
0.301025390625
0.2353515625
0.298828125
0.306396484375
0.32666015625
0.367431640625
0.2442626953125
0.2430419921875
0.2486572265625
0.31982421875
0.302490234375
0.267822265625
0.317138671875
0.25390625
0.290771484375
0.238037109375
0.31982421875
0.24755859375
0.29248046875
0.2332763671875
0.30078125
0.262939453125
0.280029296875
0.310302734375
0.349853515625
0.23681640625
0.35205078125
0.24072265625
0.239013671875
0.316650390625
0.2406005859375
0.290771484375
0.238525390625
0.2861328125
0.29541015625
0.259765625
0.30126953125
0.2457275390625
0.272216796875
0.31103515625
0.28369140625
0.255126953125
0.302978515625
0.27734375
0.294189453125
0.234130859375
0.21728515625
0.296875
0.25341796875
0.26123046875
0.2958984375
0.258544921875
0.303955078125
0.2802734375
0.31640625
0.2529296875
0.22119140625
0.334716796875
0.280029296875
0.299072265625
0.323974609375
0.247802734375
0.241455078125
0.267578125
0.24755859375
0.265625
0.2467041015625
0.28466796875
0.2474365234375
0.26953125
0.31201171875
0.253173828125
0.323486328125
0.256591796875
0.343994140625
0.325927734375
0.302734375
0.281982421875
0.28271484375
0.2353515625
0.228515625
0.2457275390625
0.260009765625
0.2734375
0.3271484375
0.2401123046875
0.228759765625
0.29541015625
0.28857421875
0.283203125
0.2939453125
0.320068359375
0.28173828125
0.27783203125
0.270263671875
0.32568359375
0.273681640625
0.28662109375
0.311767578125
0.2362060546875
0.300537109375
0.2454833984375
0.2744140625
0.2587890625
0.260009765625
0.2919921875
0.352294921875
0.3056640625
0.25048828125
0.259765625
0.2352294921875
0.30810546875
0.328369140625
0.3134765625
0.33837890625
0.3095703125
0.310302734375
0.331787109375
0.347412109375
0.2978515625
0.285888671875
0.28564453125
0.33154296875
0.328857421875
0.266357421875
0.29443359375
0.2744140625
0.275390625
0.33837890625
0.259521484375
0.303955078125
0.2371826171875
0.290771484375
0.262451171875
0.243896484375
0.266357421875
0.25390625
0.306396484375
0.317626953125
0.31787109375
0.263916015625
0.252197265625
0.281982421875
0.2454833984375
0.28515625
0.266357421875
0.238037109375
0.23779296875
0.366943359375
0.29638671875
0.2763671875
0.284423828125
0.309814453125
0.252197265625
0.282470703125
0.23779296875
0.22998046875
0.308349609375
0.251220703125
0.356201171875
0.23388671875
0.301513671875
0.274169921875
0.275634765625
0.296142578125
0.287109375
0.277099609375
0.2861328125
0.25048828125
0.252197265625
0.305908203125
0.26513671875
0.344482421875
0.302490234375
0.331298828125
0.25830078125
0.31201171875
0.2113037109375
0.247314453125
0.279052734375
0.2489013671875
0.365234375
0.304931640625
0.2724609375
0.225341796875
0.3740234375
0.33251953125
0.304443359375
0.234375
0.262451171875
0.31689453125
0.26611328125
0.234130859375
0.2474365234375
0.33984375
0.322265625
0.310791015625
0.29736328125
0.323486328125
0.257568359375
0.248046875
0.3037109375
0.237548828125
0.231689453125
0.253173828125
0.302734375
0.267822265625
0.2144775390625
0.298095703125
0.30712890625
0.3369140625
0.262939453125
0.37060546875
0.369384765625
0.28662109375
0.33642578125
0.3251953125
0.308349609375
0.3583984375
0.30859375
0.27734375
0.33349609375
0.307373046875
0.3154296875
0.35302734375
0.30908203125
0.33984375
0.234130859375
0.26318359375
0.2493896484375
0.31787109375
0.281982421875
0.31005859375
0.344970703125
0.345947265625
0.2484130859375
0.25927734375
0.29052734375
0.310302734375
0.26708984375
0.294189453125
0.271728515625
0.310791015625
0.264404296875
0.32421875
0.295654296875
0.283447265625
0.26416015625
0.31591796875
0.23974609375
0.28076171875
0.2548828125
0.23876953125
0.337158203125
0.3125
0.339599609375
0.32470703125
0.2978515625
0.24560546875
0.26806640625
0.314208984375
0.32763671875
0.357421875
0.25390625
0.283935546875
0.276611328125
0.263916015625
0.255126953125
0.29052734375
0.2462158203125
0.31005859375
0.3876953125
0.31201171875
0.2998046875
0.32275390625
0.30224609375
0.32275390625
0.356689453125
0.302001953125
0.27978515625
0.29296875
0.3466796875
0.315673828125
0.26025390625
0.29296875
0.337890625
0.3125
0.31298828125
0.27734375
0.296142578125
0.271484375
0.28076171875
0.2939453125
0.30419921875
0.283447265625
0.310546875
0.327880859375
0.32080078125
0.313232421875
0.29248046875
0.33740234375
0.29345703125
0.283447265625
0.337646484375
0.299560546875
0.2479248046875
0.368408203125
0.328857421875
0.3349609375
0.311767578125
0.239990234375
0.292724609375
0.27734375
0.25537109375
0.25439453125
0.2626953125
0.343017578125
0.33251953125
0.269287109375
0.294189453125
0.28515625
0.323974609375
0.330322265625
0.2310791015625
0.331787109375
0.3330078125
0.2841796875
0.34130859375
0.322509765625
0.2493896484375
0.254150390625
0.29541015625
0.25732421875
0.2440185546875
0.32763671875
0.293212890625
0.3232421875
0.344482421875
0.261474609375
0.257568359375
0.337646484375
0.313720703125
0.321044921875
0.336669921875
0.338623046875
0.28271484375
0.314697265625
0.284912109375
0.30126953125
0.30078125
0.2421875
0.273681640625
0.252197265625
0.239990234375
0.2822265625
0.269775390625
0.256103515625
0.31787109375
0.37255859375
0.337646484375
0.33154296875
0.3251953125
0.295166015625
0.32958984375
0.30908203125
0.26171875
0.290771484375
0.295166015625
0.2396240234375
0.2734375
0.380126953125
0.274169921875
0.321533203125
0.2802734375
0.356689453125
0.284912109375
0.329345703125
0.3212890625
0.286376953125
0.271240234375
0.273681640625
0.2578125
0.239990234375
0.320556640625
0.2430419921875
0.2802734375
0.367919921875
0.342041015625
0.2587890625
0.255615234375
0.2254638671875
0.285888671875
0.311767578125
0.279052734375
0.337890625
0.2364501953125
0.3349609375
0.319580078125
0.337646484375
0.330322265625
0.236083984375
0.2958984375
0.325439453125
0.3408203125
0.29345703125
0.301025390625
0.276611328125
0.260498046875
0.316162109375
0.26708984375
0.2431640625
0.2471923828125
0.274658203125
0.296630859375
0.26123046875
0.23876953125
0.266357421875
0.30224609375
0.261962890625
0.29150390625
0.264892578125
0.25732421875
0.319091796875
0.2354736328125
0.221435546875
0.2415771484375
0.30029296875
0.247802734375
0.267822265625
0.2802734375
0.29833984375
0.2998046875
0.3125
0.302734375
0.3359375
0.291259765625
0.317138671875
0.2464599609375
0.283203125
0.30078125
0.28857421875
0.32958984375
0.298828125
0.288818359375
0.330810546875
0.369873046875
0.35205078125
0.254150390625
0.324951171875
0.318603515625
0.273681640625
0.2333984375
0.318603515625
0.255859375
0.29638671875
0.248046875
0.3505859375
0.249755859375
0.276611328125
0.261962890625
0.271484375
0.25634765625
0.339599609375
0.290283203125
0.249755859375
0.30224609375
0.264892578125
0.330810546875
0.306640625
0.281005859375
0.3115234375
0.283447265625
0.281982421875
0.267822265625
0.290283203125
0.33203125
0.271240234375
0.287841796875
0.25048828125
0.2462158203125
0.2469482421875
0.300537109375
0.34375
0.286376953125
0.2401123046875
0.35107421875
0.31787109375
0.277587890625
0.281005859375
0.275146484375
0.287109375
0.313720703125
0.262939453125
0.315185546875
0.296630859375
0.322998046875
0.366455078125
0.2464599609375
0.2353515625
0.271728515625
0.34814453125
0.25146484375
0.26904296875
0.20556640625
0.32177734375
0.345458984375
0.331298828125
0.2086181640625
0.33447265625
0.353759765625
0.299560546875
0.2259521484375
0.246826171875
0.2447509765625
0.252197265625
0.281494140625
0.28857421875
0.272705078125
0.267333984375
0.27294921875
0.320556640625
0.280029296875
0.2568359375
0.296875
0.349853515625
0.242919921875
0.318603515625
0.3173828125
0.26171875
0.3232421875
0.30126953125
0.259033203125
0.306884765625
0.30419921875
0.288330078125
0.25048828125
0.28076171875
0.24609375
0.35205078125
0.310302734375
0.2164306640625
0.26025390625
0.255615234375
0.305908203125
0.307861328125
0.27197265625
0.238525390625
0.253662109375
0.32080078125
0.26171875
0.30908203125
0.27734375
0.253662109375
0.3232421875
0.2425537109375
0.282958984375
0.211181640625
0.27685546875
0.2354736328125
0.29248046875
0.330810546875
0.307861328125
0.3095703125
0.306396484375
0.29052734375
0.27587890625
0.28955078125
0.243896484375
0.379150390625
0.2861328125
0.338623046875
0.269775390625
0.302734375
0.24267578125
0.302001953125
0.2484130859375
0.33984375
0.3115234375
0.29541015625
0.31396484375
0.298583984375
0.271728515625
0.285888671875
0.288818359375
0.276123046875
0.285888671875
0.26513671875
0.2398681640625
0.278076171875
0.337158203125
0.24853515625
0.318359375
0.30859375
0.242919921875
0.29150390625
0.2420654296875
0.325439453125
0.283935546875
0.2215576171875
0.286376953125
0.320556640625
0.28955078125
0.244384765625
0.26904296875
0.281494140625
0.285400390625
0.3359375
0.2393798828125
0.287109375
0.287841796875
0.297607421875
0.2861328125
0.27587890625
0.29931640625
0.20703125
0.260986328125
0.279052734375
0.296875
0.313720703125
0.28955078125
0.24755859375
0.2314453125
0.2486572265625
0.2484130859375
0.3046875
0.314453125
0.275146484375
0.343017578125
0.28955078125
0.2470703125
0.2783203125
0.258056640625
0.3388671875
0.2310791015625
0.2432861328125
0.3125
0.277587890625
0.271728515625
0.34521484375
0.272216796875
0.278076171875
0.27490234375
0.2445068359375
0.3330078125
0.3017578125
0.26611328125
0.2978515625
0.266357421875
0.27490234375
0.251220703125
0.2445068359375
0.31640625
0.2607421875
0.286865234375
0.328857421875
0.2880859375
0.2423095703125
0.2568359375
0.3203125
0.25927734375
0.275146484375
0.2476806640625
0.31689453125
0.284423828125
0.25732421875
0.26123046875
0.206298828125
0.3505859375
0.323486328125
0.260009765625
0.369384765625
0.264892578125
0.268798828125
0.2388916015625
0.2880859375
0.347900390625
0.269775390625
0.295166015625
0.272216796875
0.296630859375
0.287841796875
0.355224609375
0.345703125
0.294189453125
0.279541015625
0.300537109375
0.31494140625
0.24169921875
0.311767578125
0.290283203125
0.2822265625
0.263671875
0.32958984375
0.265869140625
0.2342529296875
0.3212890625
0.3564453125
0.21484375
0.298583984375
0.273681640625
0.284912109375
0.2054443359375
0.26318359375
0.273681640625
0.322509765625
0.214599609375
0.259033203125
0.25732421875
0.300537109375
0.23681640625
0.3046875
0.284423828125
0.26171875
0.20361328125
0.283447265625
0.3095703125
0.26953125
0.375
0.2454833984375
0.33203125
0.264404296875
0.300048828125
0.2432861328125
0.258056640625
0.242431640625
0.337646484375
0.255126953125
0.32958984375
0.287353515625
0.286865234375
0.273681640625
0.25341796875
0.320068359375
0.269775390625
0.309814453125
0.318603515625
0.250732421875
0.2064208984375
0.28564453125
0.2919921875
0.33984375
0.2442626953125
0.3359375
0.26220703125
0.2939453125
0.265625
0.265869140625
0.26611328125
0.267578125
0.271728515625
0.271240234375
0.29150390625
0.251708984375
0.2205810546875
0.351806640625
0.2646484375
0.26171875
0.2186279296875
0.260009765625
0.291259765625
0.2861328125
Average: 0.2869049072265625
